3 330 329 265
3 103 102 89
3 103 126 102
3 6 8 10
3 244 186 222
3 164 173 165
3 31 3 6
3 488 489 446
3 457 488 446
3 4 5 3
3 156 107 58
3 107 156 90
3 33 32 7
3 34 33 7
3 234 233 279
3 255 254 341
3 342 255 341
3 424 383 444
3 444 383 386
3 326 313 220
3 313 325 220
3 138 85 84
3 83 134 84
3 105 88 101
3 244 170 186
3 186 170 169
3 57 51 50
3 481 355 354
3 354 355 382
3 244 222 243
3 119 124 114
3 183 226 191
3 336 191 226
3 225 223 192
3 223 225 224
3 162 247 163
3 163 247 248
3 101 89 102
3 385 384 442
3 385 311 384
3 194 196 235
3 247 194 235
3 543 542 450
3 388 389 296
3 425 388 296
3 420 393 451
3 452 451 393
3 414 410 409
3 363 430 429
3 520 522 550
3 521 520 550
3 12 9 14
3 451 480 420
3 121 77 76
3 121 76 118
3 348 231 391
3 201 173 200
3 183 171 159
3 226 183 159
3 365 408 407
3 365 271 408
3 410 413 411
3 139 126 103
3 104 139 103
3 387 365 390
3 337 390 365
3 429 430 357
3 357 430 363
3 452 508 507
3 315 316 419
3 409 408 271
3 192 161 191
3 32 6 7
3 31 6 32
3 459 460 381
3 194 223 195
3 235 248 247
3 87 207 57
3 94 110 107
3 472 493 471
3 100 106 105
3 346 520 347
3 232 279 391
3 516 476 517
3 201 202 165
3 173 201 165
3 476 516 477
3 477 516 515
3 360 439 438
3 291 196 290
3 514 513 480
3 269 237 236
3 395 400 422
3 422 400 401
3 242 319 318
3 462 380 371
3 380 462 372
3 334 335 306
3 375 306 335
3 558 557 549
3 425 352 427
3 339 475 341
3 477 475 339
3 300 349 350
3 368 0 551
3 122 101 102
3 102 126 122
3 223 184 192
3 417 389 388
3 294 351 293
3 542 541 450
3 270 404 403
3 270 272 404
3 531 50 51
3 200 233 234
3 62 59 60
3 59 252 60
3 190 189 242
3 190 242 260
3 145 256 132
3 256 145 203
3 422 401 454
3 182 92 91
3 243 321 320
3 120 114 124
3 34 7 9
3 182 90 156
3 131 128 133
3 83 25 82
3 346 345 344
3 256 299 137
3 206 87 143
3 143 137 206
3 11 10 8
3 373 502 501
3 13 10 11
3 70 68 69
3 479 398 399
3 480 479 399
3 119 122 125
3 465 464 370
3 466 465 370
3 21 22 43
3 11 68 70
3 79 22 78
3 21 78 22
3 74 115 75
3 141 115 74
3 337 298 338
3 176 175 144
3 295 432 433
3 309 308 283
3 335 334 289
3 289 334 261
3 383 355 386
3 355 383 382
3 259 284 240
3 115 141 112
3 292 348 349
3 179 182 154
3 459 381 483
3 382 483 381
3 23 44 22
3 382 381 353
3 308 309 379
3 306 375 282
3 288 306 282
3 385 442 441
3 310 449 474
3 332 306 305
3 373 503 502
3 499 498 303
3 547 556 555
3 555 545 547
3 154 156 152
3 458 446 489
3 489 490 458
3 429 364 363
3 429 428 364
3 253 292 300
3 391 231 232
3 231 203 232
3 125 122 126
3 225 191 337
3 17 18 40
3 184 174 192
3 202 203 238
3 234 201 200
3 297 357 364
3 398 348 399
3 238 164 165
3 353 460 459
3 460 353 381
3 199 248 237
3 200 199 237
3 345 343 394
3 536 479 480
3 245 196 291
3 196 245 235
3 556 547 548
3 184 223 194
3 247 184 194
3 25 84 47
3 397 350 349
3 397 349 398
3 406 246 407
3 199 200 172
3 202 232 203
3 270 273 272
3 223 193 195
3 184 247 162
3 183 191 161
3 160 183 161
3 514 480 451
3 507 514 451
3 351 294 401
3 183 160 171
3 336 337 191
3 414 413 410
3 174 184 162
3 269 254 237
3 269 341 254
3 452 509 508
3 201 234 232
3 232 202 201
3 189 243 242
3 243 319 242
3 344 345 394
3 193 338 273
3 293 193 273
3 117 122 119
3 248 236 237
3 191 225 192
3 254 233 237
3 421 341 475
3 341 269 339
3 393 342 421
3 342 341 421
3 409 271 414
3 393 420 391
3 525 453 478
3 394 478 453
3 163 248 172
3 199 172 248
3 349 300 292
3 9 12 36
3 35 9 36
3 359 361 434
3 359 434 443
3 359 443 361
3 231 204 203
3 204 231 253
3 139 104 164
3 172 164 104
3 20 77 78
3 21 20 78
3 387 418 414
3 479 536 538
3 205 204 253
3 230 205 253
3 20 21 43
3 338 224 337
3 138 136 135
3 135 136 133
3 46 45 24
3 117 119 114
3 99 117 113
3 20 43 42
3 340 279 255
3 104 163 172
3 200 173 172
3 279 340 391
3 164 172 173
3 200 237 233
3 236 248 235
3 236 235 269
3 194 195 196
3 196 195 290
3 322 222 323
3 344 453 346
3 296 352 425
3 187 221 222
3 187 222 186
3 255 233 254
3 243 189 244
3 272 298 246
3 169 187 186
3 174 171 160
3 190 260 226
3 269 235 245
3 319 243 320
3 426 412 425
3 170 244 157
3 333 336 268
3 161 174 160
3 413 417 388
3 414 417 413
3 190 226 159
3 189 190 159
3 244 189 158
3 157 244 158
3 171 157 158
3 159 158 189
3 158 159 171
3 389 417 318
3 418 318 417
3 132 135 129
3 394 343 395
3 161 192 174
3 418 419 316
3 273 270 293
3 294 293 270
3 294 270 402
3 304 303 308
3 287 308 303
3 89 101 88
3 193 224 338
3 333 268 314
3 268 226 260
3 322 321 222
3 426 425 427
3 388 425 412
3 336 226 268
3 225 337 224
3 402 401 294
3 412 411 388
3 388 411 413
3 324 323 221
3 224 193 223
3 453 524 523
3 523 520 453
3 402 270 403
3 343 293 395
3 297 352 296
3 530 454 401
3 428 352 364
3 337 365 298
3 316 260 317
3 443 434 435
3 290 195 345
3 195 193 345
3 293 351 400
3 400 351 401
3 339 392 476
3 339 476 477
3 133 128 129
3 274 197 257
3 257 197 213
3 380 372 461
3 207 205 230
3 357 297 429
3 363 364 357
3 163 174 162
3 361 443 435
3 361 435 434
3 478 527 526
3 352 428 427
3 298 273 338
3 529 530 528
3 352 297 364
3 96 95 93
3 297 427 428
3 429 297 428
3 401 528 530
3 436 358 437
3 437 358 360
3 221 325 324
3 370 464 379
3 438 437 360
3 485 488 457
3 474 448 472
3 301 474 471
3 180 178 153
3 116 115 112
3 308 287 283
3 464 465 379
3 385 441 440
3 234 279 232
3 333 390 336
3 432 295 362
3 432 362 431
3 295 431 362
3 390 337 336
3 273 298 272
3 417 414 418
3 407 246 365
3 406 405 246
3 221 323 222
3 395 529 394
3 422 454 530
3 365 387 271
3 414 271 387
3 491 506 415
3 390 419 387
3 390 333 419
3 333 314 419
3 418 387 419
3 321 243 222
3 51 57 56
3 530 529 422
3 318 296 389
3 418 317 318
3 318 317 242
3 101 100 105
3 101 122 100
3 391 420 348
3 316 317 418
3 260 242 317
3 268 260 315
3 365 246 298
3 316 315 260
3 315 419 314
3 314 268 315
3 475 511 421
3 394 453 344
3 404 272 405
3 405 272 246
3 233 255 279
3 205 207 299
3 128 125 129
3 266 329 328
3 520 523 522
3 287 492 283
3 303 492 287
3 269 245 339
3 453 525 524
3 143 138 137
3 138 135 137
3 125 126 129
3 100 122 117
3 110 113 114
3 74 75 17
3 421 511 510
3 345 193 343
3 193 293 343
3 478 526 525
3 347 476 392
3 395 293 400
3 421 510 509
3 520 521 519
3 291 346 347
3 346 291 290
3 300 230 253
3 345 346 290
3 529 395 422
3 519 347 520
3 245 392 339
3 230 300 278
3 398 349 348
3 252 368 277
3 252 277 251
3 476 518 517
3 278 207 230
3 124 130 142
3 80 142 130
3 46 82 25
3 291 347 392
3 529 527 394
3 529 528 527
3 478 394 527
3 476 347 518
3 519 518 347
3 212 257 213
3 213 258 212
3 346 453 520
3 391 340 393
3 392 245 291
3 480 513 536
3 451 452 507
3 557 548 549
3 489 506 490
3 340 255 342
3 340 342 393
3 421 452 393
3 277 548 366
3 238 165 202
3 420 399 348
3 420 480 399
3 124 128 130
3 452 421 509
3 515 512 477
3 511 475 512
3 207 206 299
3 396 278 300
3 209 152 156
3 477 512 475
3 552 534 535
3 292 231 348
3 145 238 203
3 4 59 61
3 120 124 127
3 100 98 106
3 3 2 1
3 7 6 10
3 164 238 145
3 397 398 479
3 207 278 57
3 57 278 56
3 396 531 27
3 26 84 85
3 24 23 80
3 45 23 24
3 479 534 397
3 534 479 537
3 91 90 182
3 85 138 143
3 80 23 79
3 534 552 533
3 533 397 534
3 396 300 350
3 131 130 128
3 81 130 131
3 53 51 52
3 397 533 396
3 397 396 350
3 127 124 142
3 142 80 127
3 27 531 55
3 86 143 87
3 53 52 27
3 4 0 368
3 396 27 56
3 27 51 56
3 55 54 27
3 396 533 532
3 53 27 54
3 52 51 27
3 531 396 532
3 111 107 110
3 82 131 83
3 45 44 23
3 56 278 396
3 506 445 415
3 415 445 288
3 53 54 51
3 531 51 55
3 54 55 51
3 136 134 133
3 231 292 253
3 204 205 256
3 134 136 84
3 139 132 126
3 145 132 139
3 119 125 124
3 538 537 479
3 537 535 534
3 49 86 87
3 256 203 204
3 129 126 132
3 139 164 145
3 19 75 76
3 81 24 80
3 84 26 48
3 48 26 49
3 132 256 137
3 137 135 132
3 130 81 80
3 49 87 50
3 87 57 50
3 46 25 47
3 125 128 124
3 206 137 299
3 112 111 116
3 133 134 131
3 133 129 135
3 256 205 299
3 118 120 121
3 120 118 116
3 84 48 47
3 83 131 134
3 131 82 81
3 84 136 138
3 22 79 23
3 77 20 76
3 18 41 40
3 37 14 38
3 75 18 17
3 99 113 97
3 369 379 309
3 207 87 206
3 86 49 26
3 26 85 86
3 86 85 143
3 543 258 544
3 83 84 25
3 120 127 123
3 80 79 127
3 82 46 24
3 113 117 114
3 24 81 82
3 38 14 15
3 250 197 276
3 252 251 229
3 16 74 17
3 115 76 75
3 123 78 77
3 42 41 19
3 111 109 107
3 107 109 108
3 467 466 369
3 378 467 369
3 109 111 112
3 64 65 61
3 43 22 44
3 18 19 41
3 19 18 75
3 127 79 123
3 19 76 20
3 20 42 19
3 13 9 7
3 9 13 14
3 67 140 69
3 67 69 68
3 466 370 369
3 17 40 16
3 368 59 4
3 93 94 92
3 94 93 95
3 112 141 73
3 76 115 118
3 115 116 118
3 28 1 29
3 121 120 123
3 151 217 153
3 178 151 153
3 77 121 123
3 152 274 150
3 79 78 123
3 117 99 100
3 15 14 13
3 60 208 58
3 141 74 73
3 74 72 73
3 197 274 275
3 463 371 380
3 31 2 3
3 11 15 13
3 148 179 150
3 114 120 116
3 116 111 114
3 111 110 114
3 8 65 68
3 545 546 367
3 4 1 0
3 263 241 262
3 241 285 262
3 274 152 275
3 11 8 68
3 239 146 167
3 239 240 146
3 492 497 496
3 108 63 107
3 58 107 63
3 213 249 258
3 100 99 98
3 29 1 2
3 6 5 8
3 3 5 6
3 10 13 7
3 40 39 16
3 70 72 11
3 16 72 74
3 15 72 16
3 72 15 11
3 38 15 39
3 547 367 366
3 366 367 250
3 39 15 16
3 549 551 558
3 29 2 30
3 9 35 34
3 37 12 14
3 65 5 61
3 36 12 37
3 277 368 551
3 65 8 5
3 154 182 156
3 305 504 503
3 61 5 4
3 209 275 152
3 215 264 216
3 94 91 92
3 30 2 31
3 1 4 3
3 487 456 541
3 450 541 456
3 367 547 545
3 277 366 251
3 97 113 95
3 549 277 551
3 96 99 97
3 95 96 97
3 558 551 0
3 549 548 277
3 558 0 28
3 0 1 28
3 450 456 416
3 416 374 450
3 557 556 548
3 148 175 179
3 214 166 148
3 445 506 505
3 548 547 366
3 545 555 554
3 554 546 545
3 59 368 252
3 354 482 481
3 382 481 482
3 356 311 385
3 360 356 385
3 210 259 240
3 374 258 543
3 543 450 374
3 280 259 210
3 280 210 374
3 491 415 458
3 554 553 544
3 554 544 546
3 175 166 144
3 67 66 140
3 264 330 265
3 331 262 332
3 446 447 456
3 447 416 456
3 377 376 310
3 539 543 544
3 544 553 539
3 263 262 331
3 458 490 491
3 506 491 490
3 483 353 459
3 456 487 486
3 543 539 540
3 188 176 144
3 188 147 176
3 185 168 181
3 540 542 543
3 445 504 305
3 155 218 219
3 218 155 153
3 288 445 286
3 448 474 493
3 486 485 456
3 485 457 456
3 263 331 264
3 457 446 456
3 166 175 148
3 264 241 263
3 149 177 147
3 423 442 384
3 303 500 499
3 108 109 140
3 497 492 498
3 439 360 440
3 385 440 360
3 386 355 444
3 382 353 354
3 327 267 328
3 307 305 373
3 305 503 373
3 312 267 327
3 267 312 219
3 326 219 312
3 67 68 65
3 150 274 257
3 150 257 148
3 99 96 98
3 198 208 60
3 110 94 95
3 95 113 110
3 188 285 241
3 188 241 147
3 147 241 215
3 265 266 217
3 216 265 217
3 107 91 94
3 469 301 470
3 90 91 107
3 377 310 301
3 474 301 310
3 179 154 152
3 179 175 182
3 61 62 64
3 64 62 63
3 62 61 59
3 250 276 366
3 374 416 280
3 442 311 356
3 334 332 261
3 289 375 335
3 289 281 375
3 262 261 332
3 544 249 546
3 258 249 544
3 249 367 546
3 249 250 367
3 65 64 67
3 66 67 64
3 257 212 214
3 423 311 442
3 495 494 449
3 304 373 303
3 281 289 280
3 289 259 280
3 373 500 303
3 378 468 467
3 374 211 258
3 494 474 449
3 373 501 500
3 373 304 307
3 303 498 492
3 283 492 496
3 334 306 332
3 378 302 468
3 71 112 73
3 444 355 455
3 484 455 355
3 307 304 305
3 445 505 504
3 415 282 458
3 458 282 446
3 286 445 305
3 305 306 286
3 149 216 217
3 266 265 329
3 176 147 177
3 301 469 302
3 474 472 471
3 311 423 384
3 280 447 281
3 482 354 483
3 483 382 482
3 474 494 493
3 496 449 283
3 283 449 309
3 275 276 197
3 325 221 220
3 177 149 151
3 378 369 302
3 448 493 473
3 372 462 461
3 309 449 376
3 496 495 449
3 469 468 302
3 302 377 301
3 493 472 473
3 473 472 448
3 465 466 379
3 424 455 383
3 484 383 455
3 355 481 484
3 383 484 382
3 484 481 382
3 471 470 301
3 250 249 213
3 213 197 250
3 60 252 198
3 252 229 198
3 376 449 310
3 463 462 371
3 330 264 331
3 455 424 444
3 370 379 369
3 354 353 483
3 356 441 442
3 441 356 440
3 440 356 439
3 439 356 438
3 356 360 358
3 437 438 356
3 147 216 149
3 216 147 215
3 241 264 215
3 415 288 282
3 112 71 140
3 166 214 239
3 239 167 166
3 286 306 288
3 284 261 285
3 447 446 281
3 261 284 259
3 259 289 261
3 282 375 281
3 285 261 262
3 446 282 281
3 149 217 151
3 447 280 416
3 188 146 285
3 285 146 284
3 284 146 240
3 168 185 187
3 169 168 187
3 328 267 266
3 153 217 218
3 218 267 219
3 221 187 220
3 151 178 177
3 144 166 167
3 265 216 264
3 267 218 266
3 217 266 218
3 155 185 181
3 219 326 220
3 185 220 187
3 155 220 185
3 220 155 219
3 155 180 153
3 180 155 181
3 188 167 146
3 144 167 188
3 58 208 156
3 63 66 64
3 66 63 108
3 140 109 112
3 257 214 148
3 71 70 69
3 150 179 152
3 108 140 66
3 69 140 71
3 208 209 156
3 209 208 198
3 228 229 251
3 209 198 227
3 366 228 251
3 276 228 366
3 73 70 71
3 70 73 72
3 60 58 62
3 58 63 62
3 227 198 229
3 228 227 229
3 276 227 228
3 227 276 275
3 227 275 209
3 211 374 210
3 212 258 211
3 239 214 212
3 212 211 239
3 239 211 210
3 239 210 240

