3 360 348 296
3 221 220 186
3 185 221 186
3 10 7 13
3 423 424 360
3 430 358 429
3 358 430 294
3 315 316 241
3 231 386 278
3 206 229 204
3 195 244 290
3 13 9 14
3 161 173 162
3 372 308 445
3 472 445 308
3 362 249 363
3 543 362 363
3 33 9 7
3 13 7 9
3 535 548 555
3 545 555 548
3 440 433 354
3 312 331 417
3 312 267 331
3 138 144 163
3 144 237 163
3 191 160 173
3 365 463 464
3 464 374 365
3 374 464 463
3 47 48 26
3 85 26 48
3 162 247 246
3 246 161 162
3 203 255 204
3 477 534 478
3 532 478 534
3 424 425 360
3 425 348 360
3 462 366 461
3 461 366 375
3 163 164 172
3 54 27 53
3 54 53 50
3 479 351 350
3 351 479 452
3 391 527 528
3 140 114 111
3 73 114 140
3 243 242 221
3 185 243 221
3 102 125 138
3 102 138 103
3 222 223 224
3 222 224 191
3 366 374 375
3 314 241 259
3 452 451 441
3 445 282 372
3 319 320 221
3 382 379 378
3 397 269 293
3 292 293 269
3 367 460 375
3 375 459 367
3 299 277 391
3 299 391 347
3 195 290 289
3 254 232 278
3 254 278 337
3 452 378 451
3 222 194 192
3 194 342 192
3 313 259 267
3 379 382 422
3 504 447 511
3 518 546 517
3 83 25 46
3 83 46 26
3 202 231 201
3 237 202 201
3 242 317 318
3 105 97 99
3 88 101 102
3 417 383 416
3 502 442 501
3 500 442 305
3 395 292 420
3 270 406 411
3 259 225 267
3 225 259 189
3 103 163 171
3 138 163 103
3 420 390 526
3 418 478 447
3 113 109 110
3 388 386 418
3 355 440 354
3 200 199 172
3 243 188 242
3 338 336 268
3 232 199 233
3 165 238 213
3 393 477 394
3 394 477 478
3 124 118 123
3 393 394 345
3 451 378 379
3 202 237 144
3 526 389 524
3 361 334 297
3 172 164 200
3 246 193 183
3 246 183 161
3 171 163 172
3 244 336 387
3 234 193 246
3 234 195 193
3 300 469 472
3 468 469 300
3 198 236 247
3 198 199 236
3 187 146 240
3 146 214 240
3 390 340 389
3 389 526 390
3 364 0 4
3 193 194 222
3 235 236 268
3 75 117 114
3 115 114 117
3 64 5 8
3 64 8 67
3 372 468 373
3 476 522 523
3 11 10 13
3 364 251 276
3 199 232 236
3 253 236 232
3 182 158 170
3 159 182 170
3 203 252 230
3 203 230 202
3 467 468 300
3 199 200 233
3 74 73 17
3 74 17 39
3 30 3 2
3 114 115 111
3 108 106 107
3 197 208 226
3 62 63 65
3 189 259 241
3 375 460 461
3 461 460 367
3 84 142 137
3 83 84 137
3 290 244 387
3 387 344 290
3 433 440 432
3 188 189 241
3 287 442 412
3 442 502 412
3 251 228 250
3 468 489 469
3 231 202 230
3 422 441 451
3 259 313 314
3 76 77 122
3 208 197 207
3 416 314 313
3 123 119 126
3 241 242 188
3 302 496 369
3 317 242 316
3 242 241 316
3 57 61 62
3 433 434 354
3 354 434 356
3 282 492 493
3 488 282 493
3 218 219 323
3 313 417 416
3 1 4 0
3 281 455 443
3 175 176 146
3 485 454 443
3 258 260 288
3 313 267 312
3 112 96 94
3 90 106 93
3 24 79 23
3 447 388 418
3 233 278 232
3 168 185 186
3 164 201 200
3 171 199 198
3 172 199 171
3 280 281 443
3 280 443 444
3 121 99 116
3 100 87 104
3 125 102 101
3 57 155 207
3 160 190 182
3 159 160 182
3 480 378 479
3 480 479 350
3 47 26 46
3 49 86 48
3 298 206 204
3 298 205 206
3 254 338 253
3 382 441 422
3 230 386 231
3 247 234 246
3 116 118 121
3 247 236 235
3 390 420 292
3 340 390 292
3 78 23 79
3 401 396 293
3 396 397 293
3 252 203 204
3 229 252 204
3 387 474 344
3 419 388 448
3 385 383 417
3 229 206 277
3 379 421 380
3 62 107 106
3 231 233 200
3 200 201 231
3 448 505 506
3 510 511 447
3 447 478 510
3 338 419 473
3 473 419 507
3 122 78 126
3 122 126 119
3 448 504 505
3 247 235 234
3 268 234 235
3 359 353 296
3 297 245 361
3 130 127 129
3 342 289 343
3 173 183 191
3 359 358 353
3 121 101 100
3 99 121 100
3 173 159 170
3 359 296 348
3 542 248 540
3 260 258 283
3 188 243 157
3 156 157 243
3 101 88 100
3 101 121 125
3 193 222 183
3 329 262 328
3 279 288 280
3 279 280 444
3 541 552 553
3 75 20 76
3 192 340 292
3 342 194 289
3 340 192 342
3 100 104 99
3 198 247 171
3 171 247 162
3 156 243 169
3 103 171 162
3 434 435 356
3 308 372 373
3 267 225 333
3 354 356 435
3 299 346 291
3 416 315 314
3 314 315 241
3 377 376 349
3 349 376 457
3 269 397 398
3 240 262 261
3 240 261 284
3 159 173 160
3 513 474 475
3 512 513 475
3 137 134 135
3 135 83 137
3 236 253 268
3 225 158 182
3 225 189 158
3 243 185 169
3 419 338 339
3 189 188 158
3 188 157 158
3 157 156 170
3 360 316 315
3 337 339 254
3 158 157 170
3 473 509 475
3 202 144 255
3 185 168 169
3 450 420 526
3 21 20 41
3 313 312 417
3 449 520 521
3 517 520 449
3 344 516 517
3 127 132 128
3 473 475 336
3 225 182 190
3 359 427 358
3 384 408 409
3 295 409 408
3 245 400 402
3 270 361 404
3 192 223 222
3 161 183 173
3 183 222 191
3 193 195 194
3 415 315 416
3 401 395 396
3 292 395 401
3 421 422 309
3 426 427 359
3 97 98 99
3 194 195 289
3 429 353 294
3 432 357 431
3 407 408 410
3 268 336 244
3 403 404 361
3 245 403 361
3 224 334 190
3 223 335 334
3 334 224 223
3 322 220 321
3 190 191 224
3 160 191 190
3 414 415 384
3 410 384 415
3 333 334 385
3 190 334 333
3 333 225 190
3 297 271 245
3 415 416 411
3 419 506 507
3 331 333 385
3 410 415 411
3 293 292 401
3 277 299 229
3 358 294 353
3 400 245 271
3 271 399 400
3 341 342 343
3 384 423 360
3 384 360 414
3 360 415 414
3 424 296 425
3 432 355 357
3 378 351 382
3 441 382 351
3 522 476 449
3 315 415 360
3 301 300 373
3 300 308 373
3 358 427 428
3 428 429 358
3 220 221 320
3 427 353 428
3 436 435 381
3 353 429 428
3 436 381 437
3 309 379 380
3 422 421 379
3 355 432 440
3 340 342 389
3 355 294 357
3 27 52 53
3 430 431 294
3 357 294 431
3 296 426 425
3 348 425 426
3 359 348 426
3 353 426 296
3 426 353 427
3 526 524 525
3 524 476 523
3 402 403 245
3 410 411 407
3 268 253 338
3 195 234 244
3 271 269 399
3 399 269 398
3 404 405 270
3 383 385 361
3 270 405 406
3 411 383 270
3 270 383 361
3 411 406 407
3 383 411 416
3 410 408 384
3 409 423 384
3 409 424 423
3 254 253 232
3 233 231 278
3 86 49 56
3 86 56 206
3 385 417 331
3 334 361 385
3 447 504 448
3 220 320 321
3 318 221 242
3 388 447 448
3 335 297 334
3 450 526 547
3 395 420 450
3 333 331 267
3 272 297 335
3 271 297 272
3 269 271 272
3 272 292 269
3 292 272 192
3 272 335 192
3 223 192 335
3 343 344 517
3 268 244 234
3 255 136 298
3 277 55 391
3 391 55 27
3 347 392 346
3 533 529 530
3 449 521 522
3 345 418 386
3 418 345 394
3 338 473 336
3 336 475 474
3 88 87 100
3 75 74 19
3 105 99 104
3 36 12 33
3 83 135 133
3 134 128 132
3 23 43 44
3 54 527 27
3 255 144 131
3 221 318 319
3 152 216 150
3 150 177 152
3 392 477 393
3 341 343 449
3 127 128 124
3 508 473 507
3 537 536 539
3 448 506 419
3 341 389 342
3 290 344 343
3 289 290 343
3 341 449 389
3 213 256 147
3 131 136 255
3 337 388 339
3 388 419 339
3 35 34 12
3 34 35 9
3 12 9 35
3 389 476 524
3 526 525 547
3 298 204 255
3 516 344 515
3 474 387 336
3 388 337 386
3 278 386 337
3 254 339 338
3 554 555 545
3 515 474 514
3 344 474 515
3 538 537 539
3 474 513 514
3 476 389 449
3 512 475 509
3 343 517 449
3 517 519 520
3 546 519 517
3 517 516 518
3 551 552 542
3 124 128 125
3 509 473 508
3 530 529 549
3 167 184 180
3 483 484 453
3 454 483 453
3 532 510 478
3 527 391 27
3 230 345 386
3 277 56 55
3 41 20 19
3 75 19 20
3 251 364 58
3 394 478 418
3 83 26 84
3 531 392 391
3 531 391 528
3 531 549 529
3 529 533 477
3 477 392 529
3 133 135 132
3 527 54 50
3 49 527 50
3 347 346 299
3 50 27 55
3 27 50 51
3 52 50 53
3 55 49 50
3 392 393 346
3 15 14 37
3 229 299 252
3 529 392 531
3 9 36 14
3 36 9 12
3 113 110 115
3 119 113 115
3 49 55 56
3 163 237 164
3 230 252 291
3 206 205 86
3 142 86 205
3 28 29 2
3 30 2 29
3 206 56 277
3 345 291 346
3 127 123 129
3 123 141 129
3 51 52 27
3 50 52 51
3 534 477 533
3 164 237 201
3 391 392 347
3 132 135 134
3 126 78 79
3 123 127 124
3 202 255 203
3 345 346 393
3 291 252 299
3 291 345 230
3 142 136 137
3 125 121 124
3 136 131 134
3 39 18 74
3 124 121 118
3 85 86 142
3 134 131 128
3 130 129 80
3 138 131 144
3 131 125 128
3 125 131 138
3 205 298 136
3 136 142 205
3 134 137 136
3 21 77 20
3 76 20 77
3 44 24 23
3 130 80 81
3 119 123 113
3 91 181 90
3 129 79 80
3 112 113 116
3 370 209 279
3 209 258 279
3 118 116 113
3 109 112 94
3 109 106 110
3 26 85 84
3 85 48 86
3 132 127 130
3 132 130 133
3 73 16 17
3 80 79 24
3 119 115 117
3 119 117 120
3 41 19 40
3 141 126 79
3 126 141 123
3 43 23 22
3 44 45 24
3 83 133 82
3 106 109 93
3 544 543 553
3 25 45 46
3 91 90 93
3 42 43 22
3 107 139 108
3 34 9 33
3 114 74 75
3 45 25 81
3 24 45 81
3 149 178 147
3 79 129 141
3 25 83 82
3 142 84 85
3 82 133 130
3 81 80 24
3 82 81 25
3 130 81 82
3 22 23 78
3 468 467 466
3 72 73 140
3 33 12 34
3 11 69 67
3 542 363 248
3 248 363 249
3 1 2 3
3 364 4 58
3 120 75 76
3 75 120 117
3 120 76 122
3 145 239 238
3 145 238 166
3 38 39 17
3 113 112 109
3 77 78 122
3 28 2 1
3 78 77 22
3 18 39 40
3 40 19 18
3 18 19 74
3 38 17 16
3 6 8 5
3 122 119 120
3 21 42 77
3 42 21 41
3 116 98 112
3 8 10 11
3 4 5 60
3 3 5 4
3 114 73 74
3 42 22 77
3 30 31 6
3 250 362 276
3 362 250 227
3 326 265 325
3 11 13 15
3 210 209 370
3 210 238 209
3 251 58 59
3 64 60 5
3 66 65 63
3 140 111 72
3 118 113 123
3 3 6 5
3 260 261 330
3 64 63 60
3 106 108 110
3 99 98 116
3 110 111 115
3 110 108 111
3 108 139 111
3 367 368 376
3 441 351 452
3 73 72 71
3 548 0 364
3 219 184 186
3 186 220 219
3 7 10 6
3 8 11 67
3 8 6 10
3 238 165 166
3 212 249 196
3 212 248 249
3 139 107 65
3 446 370 413
3 545 544 554
3 11 71 69
3 71 16 73
3 210 370 257
3 257 370 539
3 545 548 276
3 472 489 490
3 471 489 472
3 544 545 276
3 14 15 13
3 71 15 16
3 15 71 11
3 92 93 94
3 4 1 3
3 60 58 4
3 96 98 95
3 95 98 97
3 95 94 96
3 38 15 37
3 15 38 16
3 37 36 32
3 36 37 14
3 36 33 32
3 3 30 6
3 543 544 362
3 7 32 33
3 6 31 7
3 32 7 31
3 30 29 31
3 538 539 446
3 455 486 443
3 455 487 486
3 112 98 96
3 263 328 262
3 453 443 454
3 443 453 444
3 327 328 263
3 152 217 216
3 266 265 217
3 265 216 217
3 535 28 1
3 0 535 1
3 535 0 548
3 541 542 552
3 541 363 542
3 152 154 217
3 218 217 154
3 239 145 283
3 61 59 58
3 61 57 59
3 468 466 373
3 541 553 543
3 548 364 276
3 274 196 275
3 542 540 551
3 551 540 550
3 553 554 544
3 541 543 363
3 257 540 248
3 89 155 106
3 155 57 106
3 369 305 306
3 369 306 303
3 305 303 306
3 248 212 257
3 459 368 367
3 250 276 251
3 213 147 165
3 106 57 62
3 63 62 61
3 60 61 58
3 106 90 89
3 491 445 472
3 446 539 370
3 283 284 260
3 260 284 261
3 152 177 179
3 276 362 544
3 207 59 57
3 487 502 486
3 502 487 503
3 453 538 446
3 453 446 413
3 65 107 62
3 413 444 453
3 304 285 369
3 538 453 484
3 536 550 540
3 539 536 540
3 257 539 540
3 491 492 445
3 61 60 63
3 485 443 486
3 178 149 151
3 472 490 491
3 373 465 301
3 483 454 482
3 330 261 329
3 181 89 90
3 380 439 309
3 197 226 228
3 485 482 454
3 369 498 499
3 455 503 487
3 469 471 472
3 495 302 494
3 304 303 305
3 498 369 497
3 372 282 307
3 324 325 266
3 311 323 219
3 251 197 228
3 470 471 469
3 265 326 264
3 264 216 265
3 186 167 168
3 280 332 281
3 280 288 332
3 264 215 216
3 439 421 309
3 304 369 303
3 266 325 265
3 310 324 266
3 220 322 219
3 311 219 322
3 439 380 421
3 219 218 154
3 219 154 184
3 217 218 266
3 184 167 186
3 94 95 92
3 109 94 93
3 256 149 147
3 151 155 153
3 238 239 209
3 260 330 288
3 92 91 93
3 350 351 378
3 305 285 304
3 208 151 274
3 178 151 153
3 281 287 412
3 329 285 330
3 208 155 151
3 59 197 251
3 207 155 208
3 227 275 362
3 362 275 249
3 178 153 181
3 226 227 228
3 228 227 250
3 155 89 181
3 155 181 153
3 273 151 149
3 149 256 273
3 496 497 369
3 495 496 302
3 370 279 413
3 59 207 197
3 196 249 275
3 211 238 210
3 211 210 257
3 150 148 176
3 150 176 177
3 273 196 274
3 499 500 305
3 211 256 213
3 256 211 212
3 286 302 307
3 286 307 282
3 494 302 286
3 494 286 488
3 488 286 282
3 211 257 212
3 212 196 256
3 196 273 256
3 499 305 369
3 279 444 413
3 176 148 146
3 481 350 377
3 480 350 481
3 374 372 307
3 438 437 381
3 327 263 264
3 470 469 489
3 307 375 374
3 332 330 371
3 489 471 470
3 282 445 492
3 275 227 226
3 494 488 493
3 274 226 208
3 226 274 275
3 70 139 68
3 480 377 378
3 378 377 350
3 452 479 378
3 467 300 301
3 458 368 459
3 373 466 465
3 377 456 481
3 456 377 349
3 374 463 462
3 68 69 70
3 69 72 70
3 263 240 214
3 466 467 301
3 301 465 466
3 264 263 215
3 501 442 500
3 376 458 457
3 458 376 368
3 472 308 300
3 139 66 68
3 67 68 66
3 285 442 287
3 462 463 366
3 457 456 349
3 175 143 174
3 310 266 218
3 218 323 310
3 354 352 381
3 435 352 354
3 352 435 436
3 436 437 352
3 438 381 352
3 352 437 438
3 288 279 258
3 463 365 366
3 455 281 412
3 215 146 148
3 258 239 283
3 150 216 148
3 305 442 285
3 139 70 111
3 332 288 330
3 262 329 261
3 366 365 374
3 262 240 263
3 213 238 211
3 503 412 502
3 455 412 503
3 258 209 239
3 145 284 283
3 371 281 332
3 154 179 180
3 63 64 66
3 145 187 284
3 187 240 284
3 287 371 285
3 371 287 281
3 330 285 371
3 327 264 326
3 179 154 152
3 175 187 143
3 216 215 148
3 65 66 139
3 154 180 184
3 146 215 214
3 214 215 263
3 166 187 145
3 143 187 166
3 187 175 146
3 174 178 181
3 143 165 174
3 165 143 166
3 147 174 165
3 178 174 147
3 67 66 64
3 111 70 72
3 71 72 69
3 68 67 69
3 151 273 274
